0.000846858  
0.00089177  
0.000887952  
0.00097875  
0.000866853  
0.000904617  
0.000888229  
0.000879455  
0.000915784  
0.00101177  
0.000942379  
0.00100936  
0.000922562  
0.000943239  
0.000908987  
0.000846499  
0.000890313  
0.00101472  
0.000919403  
0.000920803  
0.00100032  
0.000982415  
0.000936845  
0.000832664  
0.00085929  
0.000915298  
0.00097359  
0.000900881  
0.000896138  
0.000955357  
0.000921305  
0.000873688  
0.000996975  
0.000995063  
0.000878704  
0.00087984  
0.000875389  
0.00101528  
0.000987729  
0.000901712  
0.00101094  
0.000949973  
0.000944254  
0.00101512  
0.000875745  
0.000924046  
0.000962681  
0.000840138  
0.000864227  
0.000861218  
0.000969639  
0.000861882  
0.000896162  
0.000883078  
0.000879313  
0.000908361  
0.000977282  
0.000982141  
0.000944788  
0.00100299  
0.000983355  
0.000897285  
0.000911886  
0.000867887  
0.000851468  
0.000980813  
0.000953813  
0.000905528  
0.00090528  
0.000897129  
0.000836816  
0.000897955  
0.00101757  
0.00093664  
0.00097878  
0.000823137  
0.000976721  
0.000995763  
0.000828862  
0.000880618  
0.00100553  
0.000893541  
0.000964089  
0.000871927  
0.000882512  
0.000985769  
0.00101906  
0.000862567  
0.000955514  
0.000838237  
0.000999444  
0.000955495  
0.000998768  
0.000981733  
0.000882534  
0.000942531  
0.000952424  
0.000952061  
0.000911407  
0.000893861  
