0.00114037  
0.00121841  
0.00119245  
0.0013244  
0.00116751  
0.00123167  
0.00120371  
0.00119071  
0.00123675  
0.00136552  
0.00127089  
0.00135548  
0.00123979  
0.00128309  
0.0012226  
0.00114305  
0.00120176  
0.00135814  
0.00123823  
0.00125075  
0.00134962  
0.00132893  
0.00126875  
0.00112923  
0.00116202  
0.00123628  
0.00130737  
0.00121631  
0.00121539  
0.00129518  
0.00124639  
0.00118277  
0.00134707  
0.00134329  
0.00117538  
0.00117841  
0.00118353  
0.00135902  
0.00134017  
0.00121666  
0.0013689  
0.00128427  
0.00128454  
0.00136138  
0.00118154  
0.00123549  
0.00129696  
0.00114154  
0.00116387  
0.00116469  
0.00130625  
0.00115447  
0.00120854  
0.00119667  
0.00117906  
0.00122357  
0.00131247  
0.00131511  
0.00127723  
0.00135728  
0.00133548  
0.00120588  
0.00123867  
0.0011624  
0.00115641  
0.00132673  
0.00129305  
0.00122146  
0.00121147  
0.00120866  
0.00114043  
0.00121869  
0.00137107  
0.00125516  
0.00132937  
0.00112194  
0.00131744  
0.00134387  
0.00112279  
0.0011989  
0.00136733  
0.00121369  
0.00130571  
0.00117177  
0.00118688  
0.0013398  
0.00136731  
0.00117068  
0.00129579  
0.00113896  
0.00134038  
0.00129434  
0.00135172  
0.00132728  
0.00118631  
0.00126972  
0.00129375  
0.00128289  
0.0012368  
0.00120981  
